left = -84.365462
top = 33.647699